              precision    recall  f1-score   support

           0       0.95      0.96      0.95       977
           1       0.84      0.70      0.76      1051
           2       0.86      0.82      0.84      1016
           3       0.78      0.89      0.83       983
           4       0.92      0.94      0.93       967
           5       0.91      0.90      0.91      1007
           6       0.91      0.87      0.89       966
           7       0.78      0.75      0.76      1017
           8       0.84      0.93      0.89       993
           9       0.86      0.88      0.87      1023

    accuracy                           0.86     10000
   macro avg       0.86      0.86      0.86     10000
weighted avg       0.86      0.86      0.86     10000
